0685816315
1309319011
1320411001
1321901003
1331766001
1303288003
1034065206
1309319022
0967955181
1320411002
1265337003
1309319010
1331624002
1034065182
1328845004
1332214001
1315439001
1323814006
1313926001
1227155012
1326431001
1276602010
1303290003
1034065203
1314820006
1331624001
0972640186
1309319017
1276886001
1262292033
1262292034
1307990001
0570002195
1345320004
0685816270
1326553003
1340716004
1330209002
1303273001
1034065219
0972640215
0967955203
1332480001
1332480002
1309319003
1341931001
1341931002
1341931003
1347498002
1330413002
1343188001
1343188002
1332215001
1034065177
1322118001
1335057001
1334775001
1334775002
1334776001
1334776002
1334776003
1342382001
1342382002
1159823106
0972640185
0972640188
1034065212
1331624009
1158014029
1158014031
1332134003
1307966003
1326558002
1347416001
1347416002
1332422003
1326553001
1326553002
1326517001
1320411003
1320411004
1303290001
1332131002
1331624006
1311090001
1311090002
1332214002
1332425001
1332425002
1326515001
1326515003
1332422001
0967955176
1309319028
1319116001
1326425002
1326921006
1330823001
1330823002
1332131001
1227155011
1265020002
1265337001
1275630002
1276904002
1276944001
1285128001
1289984002
1294604002
1303273002
1305058004
1306855001
1306855006
1306939001
1306943001
1307992001
1307992003
1307995001
1309319012
1311110001
1311896001
1313925003
1314951001
1317746001
1317746003
1317754001
1317755002
1319696002
1319796001
1319798001
1325723001
1326921002
1326921003
1326921004
1328845003
1330209001
1034065161
1312037006
1276194002
1323814002
1311088003
1341748001
1313926002
1330413001
1296401018
1326552003
1319796003
1276886003
1341765003
1345320001
1345320003
1326515002
1345442001
1345442002
1294604001
1345676001
1346065001
1346065002
1298456010
1337002001
1337002002
1326521001
1326558001
1347416003
1347416004
1291561003
1347498003
1347498001
1311088001
1309725002
1332355001
1332136003
1332296002
1159823065
1262357007
1265337002
1276904001
1276983001
1284215002
1288285001
1288286002
1289984001
1300909002
1304581001
1305058002
1306614002
1306855002
1306939002
1306943002
1307990004
1307992002
1311896002
1311897002
1313925001
1317746002
1317754003
1318665002
1318665003
1319696001
1319796002
1319798003
1326425003
1329640001
1303288001
1159823107
0967955189
1303288008
1326432002
1345677001
1324670004
1335057002
1326517003
1276119003
0967955178
0972640168
0967955204
1332695001
1311086001
1311086003
1322054001
1329640003
1326921001
1319798002
1323814001
1321901001
1321901002
1275630001
1300729001
1285128007
1262292029
1262292032
1331766005
1330413004
1324670001
1227155007
1340716003
1345676004
1336295002
1285130001
1286183003
1324670002
0570002196
1285128002
1295418002
1332271001
1326425001
1227155014
1238964006
1238964007
1275630004
1284215001
1286183002
1286689001
1288309001
1289848001
1289984003
1300524002
1300921003
1301303002
1304579001
1304579002
1304579003
1304581002
1306856003
1307967002
1309727002
1311086004
1311110002
1311897003
1311907001
1313928001
1314727002
1318075001
1318665001
1322057001
1331624005
1332136001
1336310002
1306856002
1326517002
1314820001
1316674003
1326432003
1324670003
1332355002
1316674002
1324366001
1303289002
1286183001
1311086002
1101074044
1245825008
0967153036
1336314002
1298456018
1313924011
0972640138
1300958001
1262292036
1345320002
1262357005
1296401001
1346065003
1342382003
1315439003
1307990002
1336003002
0578626030
1306614001
1326552001
0967955170
1291561004
1285130003
1328884002
1324670005
1312037004
1296401006
0967153032
0972640170
1159823103
1232194048
1272340010
1275630003
1276103002
1276119001
1285130002
1285867001
1288829001
1291559003
1293437004
1294399001
1295418001
1297743002
1298351001
1298456009
1300958003
1306856001
1306943004
1307995002
1312037005
1314727001
1314818005
1317755001
1318075002
1318075005
1322057002
1324366002
1326521003
1329640002
1332254001
1332275002
1332695002
1332698001
0685816053
0685816002
0570002002
0948441003
0967153002
0967153001
1029317002
0945531012
1216851001
1216851002
1288284003
1314820005
1303288007
1296290003
1303273003
1303289001
1313124002
1314820003
1316674001
1319853002
1070399011
1233356002
0948441031
1303290002
1332271002
0795243001
1276602011
1309319023
1342689001
1345676003
0578630084
1333561002
1291561005
1314818006
1336025001
1315439005
1262357006
0578630082
1323817003
1317754002
0570003127
1158014010
1207724010
1260333001
1263916001
1265103001
1272340009
1276983004
1285128006
1288830001
1288830002
1292861001
1295418003
1300729002
1300921002
1300958002
1305058003
1307967001
1307967003
1309319007
1309725001
1313235001
1313925002
1313927002
1314951002
1314951003
1331165002
1331624003
1332134001
1332275001
1236121002
0967955172
1311090003
1159823097
1319734001
1322054003
1320297001
1345677002
1345677003
1336292002
1317427001
1329549002
0685816001
0608945137
1309319024
1288872001
1276602012
1342687001
1342687003
1345676002
1336003001
1331766008
1313924017
1275784017
1333561001
1341748002
1296401005
1101074045
1332281002
1332296001
1332308001
0578626039
0757813022
0967153040
1029317043
1101074042
1101074043
1216501014
1247834005
1265867003
1272340008
1272340013
1275784018
1276103003
1285131003
1285867002
1288128004
1288311001
1288340003
1288867002
1288875001
1288875002
1289830001
1289848004
1294399004
1296401009
1296605002
1297743001
1298351002
1298456003
1301303001
1302154001
1302376002
1309319016
1310811001
1311897004
1311897005
1313235002
1313925004
1313926003
1314818002
1314818003
1318034001
1318123002
1318133001
1321921001
1326521002
1329316003
1329548001
1329548002
1330413003
1331358002
1331624004
1227155002
1232558002
1232559001
1238203008
1216838002
1236121001
0570003002
1029317001
0608945001
0685816178
0948441004
0967153029
1071837001
1227155001
1229321011
1232559002
