0701985001
1172350008
0659808003
0701985004
1077648024
1184096014
1193667005
1197250001
1207732001
1210951001
1231504001
1246132005
1246194013
1255040001
1264749002
1266246002
1272887002
1309567003
1315466001
1318111001
1084934001
1266690001
1206196001
1304997002
1307665001
1218142002
1225532001
1176342005
1225533002
1254154005
1223645001
0754138002
0754138051
1182249001
1231260005
1276229001
1278477001
1303333002
1311049001
1226353001
1170420002
1246194019
1263219005
1090129013
1241887002
0969739001
1070715003
1154463014
1156853009
1159904001
1173015033
1192954038
1196794012
1208575004
1208576002
1214644001
1219773003
1224989002
1226814001
1230439001
1230439002
1246160012
1246160014
1246194014
1246194015
1251914001
1257227001
1260310002
1263237001
1264532004
1270310001
1298005003
1143672001
1276725001
1176342004
1210871001
1215775001
1212392007
1159902003
1125884011
1181389003
1205017001
1208897001
1208903003
1210872001
1216872001
1216872002
1223597001
1223645003
1225348002
1230621002
1234151003
1236540002
1242303007
1248761001
1264905001
1265319001
1269465001
1270984011
1272807001
1273410001
1297126002
1297699001
1301544001
